inherited Form1_LgXhdpiPh: TForm1_LgXhdpiPh
  ClientHeight = 425
  ClientWidth = 720
  DesignerMasterStyle = 3
  inherited StringGrid1: TStringGrid
    Enabled = False
    Position.Y = 212.000000000000000000
    Size.Width = 720.000000000000000000
    Size.Height = 1.613021850585938000
    Viewport.Width = 720.000000000000000000
    Viewport.Height = 0.000000000000000000
  end
  inherited Panel1: TPanel
    Position.X = 504.507049560546900000
    Size.Width = 215.492950439453100000
    Size.Height = 425.000000000000000000
  end
end
